[gd_scene load_steps=55 format=3 uid="uid://cqnr4v4j11wr1"]

[ext_resource type="Script" path="res://Hero_Game/Scripts/Core/Unit Scripts/Unit.gd" id="1_a05v8"]
[ext_resource type="PackedScene" uid="uid://jpjrq5vek1s4" path="res://Hero_Game/Prefabs/DeathExplosionVFX.tscn" id="2_1rbfy"]
[ext_resource type="ArrayMesh" uid="uid://bg2sg8ii85kgi" path="res://Hero_Game/CharacterMeshTest.tres" id="2_vabmm"]
[ext_resource type="PackedScene" uid="uid://8xs4bw4fw0vi" path="res://Hero_Game/Art/PolyProtoAssets/FBX/SM_Prop_Rifle_01.fbx" id="3_k7es3"]
[ext_resource type="Script" path="res://Hero_Game/Scripts/Core/Unit Scripts/UnitAnimationScripts/UnitAnimator.gd" id="4_3bfe7"]
[ext_resource type="Animation" uid="uid://dbdgsd6aidx4a" path="res://Hero_Game/Animations/Editable/Strafe.res" id="5_kynms"]
[ext_resource type="Animation" uid="uid://dyrgt4t7kgd6y" path="res://Hero_Game/Animations/Editable/Strafe2.res" id="6_pq7w4"]
[ext_resource type="Animation" uid="uid://xnfnth2vtv8x" path="res://Hero_Game/Animations/Editable/Idle.res" id="7_w8bih"]
[ext_resource type="Animation" uid="uid://qfrbvx2onktr" path="res://Hero_Game/Animations/Editable/firing run.res" id="8_eb4ou"]
[ext_resource type="Material" uid="uid://beyldvm0u84n0" path="res://Hero_Game/Art/Materials/UnitSelectedVisual.tres" id="9_s4w51"]
[ext_resource type="Curve" uid="uid://ds3cwr48a54i0" path="res://Hero_Game/Animations/Curves/AnimationBLendCurve.tres" id="9_u8go1"]
[ext_resource type="PackedScene" uid="uid://d12kdgl0o7r1" path="res://Hero_Game/Prefabs/fireball_mesh.tscn" id="10_1ipr8"]
[ext_resource type="Script" path="res://Hero_Game/Scripts/Core/Unit Scripts/UnitSelectedVisual.gd" id="10_yppwn"]
[ext_resource type="Script" path="res://addons/godot_gameplay_systems/attributes_and_abilities/resources/attribute.gd" id="15_3r1wp"]
[ext_resource type="Resource" uid="uid://ctkldarvpfe18" path="res://Hero_Game/Scripts/Core/AbilitySystem/Attributes/AttributeResources/Base/EnduranceAttribute.tres" id="17_itieo"]
[ext_resource type="Resource" uid="uid://d3uqoh4pmuljd" path="res://Hero_Game/Scripts/Core/AbilitySystem/Attributes/AttributeResources/Base/PowerAttribute.tres" id="18_pl4bu"]
[ext_resource type="Resource" uid="uid://dhycuxfmfj34a" path="res://Hero_Game/Scripts/Core/AbilitySystem/Attributes/AttributeResources/Derived/HealthAttribute.tres" id="18_t01t1"]
[ext_resource type="Script" path="res://addons/godot_gameplay_systems/attributes_and_abilities/nodes/gameplay_attribute_map.gd" id="18_uqxwx"]
[ext_resource type="Resource" uid="uid://b5bfbjeaatofm" path="res://Hero_Game/Scripts/Core/AbilitySystem/Attributes/AttributeResources/Base/MagicAttribute.tres" id="19_ddhcp"]
[ext_resource type="Resource" uid="uid://b4cltjme3q4uh" path="res://Hero_Game/Scripts/Core/AbilitySystem/Attributes/AttributeResources/Base/SizeAttribute.tres" id="19_uevhy"]
[ext_resource type="Resource" uid="uid://lwvvfaivys7c" path="res://Hero_Game/Scripts/Core/AbilitySystem/Attributes/AttributeResources/Base/MindAttribute.tres" id="20_87sd0"]
[ext_resource type="Resource" uid="uid://cmi2ppcs6qo5j" path="res://Hero_Game/Scripts/Core/AbilitySystem/Attributes/AttributeResources/Base/DexterityAttribute.tres" id="20_o8kh6"]
[ext_resource type="Script" path="res://addons/godot_gameplay_systems/attributes_and_abilities/nodes/ability_container.gd" id="21_7wsya"]
[ext_resource type="Script" path="res://Hero_Game/Scripts/AbilitySystemTest/MoveAbility.gd" id="21_elrpc"]
[ext_resource type="Resource" uid="uid://bvbsbjxfreeq2" path="res://Hero_Game/Scripts/Core/AbilitySystem/Attributes/AttributeResources/Base/AgilityAttribute.tres" id="21_ruf4h"]
[ext_resource type="Script" path="res://addons/godot_gameplay_systems/attributes_and_abilities/resources/ability.gd" id="22_1owg2"]
[ext_resource type="Resource" uid="uid://c3sphq6y72h38" path="res://Hero_Game/Scripts/Core/AbilitySystem/Attributes/AttributeResources/Base/ActionPointsAttribute.tres" id="22_5mntr"]
[ext_resource type="Resource" uid="uid://b4k5c1hxfaaya" path="res://Hero_Game/Scripts/Core/AbilitySystem/Attributes/AttributeResources/Base/ArmorAttribute.tres" id="23_kk5l8"]
[ext_resource type="Resource" uid="uid://knnn4c4diq6f" path="res://Hero_Game/Scripts/AbilitySystemTest/Ability Resources/FireballResource.tres" id="23_l5c4g"]
[ext_resource type="Resource" uid="uid://dxsb2kexd664a" path="res://Hero_Game/Scripts/Core/AbilitySystem/Attributes/AttributeResources/Derived/InitiativeBonusAttribute.tres" id="24_b8sof"]
[ext_resource type="Resource" uid="uid://crgywdemy0bgk" path="res://Hero_Game/Scripts/AbilitySystemTest/Ability Resources/StrongFireballResource.tres" id="24_nwgmm"]
[ext_resource type="Resource" uid="uid://cuoutloeyr4rk" path="res://Hero_Game/Scripts/Core/AbilitySystem/Attributes/AttributeResources/Derived/EvadeSkillAttribute.tres" id="25_6oufc"]
[ext_resource type="Resource" uid="uid://bdvtscqbo08no" path="res://Hero_Game/Scripts/Core/AbilitySystem/Attributes/AttributeResources/Derived/CombatSkillAttribute.tres" id="26_bbyg4"]
[ext_resource type="Resource" uid="uid://bh2no358biy4l" path="res://Hero_Game/Scripts/AbilitySystemTest/Ability Resources/ParryResource.tres" id="34_0vukm"]
[ext_resource type="Resource" uid="uid://cdvdn0jqh0akb" path="res://Hero_Game/Scripts/AbilitySystemTest/Ability Resources/DitherResource.tres" id="35_ocyym"]
[ext_resource type="Resource" uid="uid://boojk1je30typ" path="res://Hero_Game/Scripts/AbilitySystemTest/Ability Resources/IdleResource.tres" id="36_23asf"]

[sub_resource type="Skin" id="Skin_nyqos"]
resource_name = "Skin"
bind_count = 48
bind/0/name = &"Hips"
bind/0/bone = -1
bind/0/pose = Transform3D(-4.37114e-08, 0.988775, -0.149412, 8.46518e-09, 0.149412, 0.988775, 1, 4.19559e-08, -1.49012e-08, -0.86644, -0.130926, -3.60533e-08)
bind/1/name = &"Spine_01"
bind/1/bone = -1
bind/1/pose = Transform3D(-1.07284e-07, 0.998759, 0.0496962, -8.3807e-09, 0.0496964, -0.998764, -1, -1.07569e-07, 3.03867e-09, -0.977055, -0.0641645, 1.0465e-07)
bind/2/name = &"Spine_02"
bind/2/bone = -1
bind/2/pose = Transform3D(-4.37101e-08, 0.989268, -0.146077, 8.46122e-09, 0.146077, 0.989273, 1, 4.20055e-08, -1.47556e-08, -1.14883, -0.163059, -4.81245e-08)
bind/3/name = &"Spine_03"
bind/3/bone = -1
bind/3/pose = Transform3D(-1.07284e-07, 0.997108, 0.0759623, -8.39445e-09, 0.0759625, -0.997111, -1, -1.07612e-07, 2.20586e-10, -1.3311, -0.134164, 1.43221e-07)
bind/4/name = &"Clavicle_L"
bind/4/bone = -1
bind/4/pose = Transform3D(0.882852, -0.0129835, -0.469472, 0.0114634, 0.999914, -0.00609582, 0.469511, -4.60211e-08, 0.882927, -0.0413174, -1.39276, -0.0469181)
bind/5/name = &"Shoulder_L"
bind/5/bone = -1
bind/5/pose = Transform3D(0.996542, -0.0825022, -0.00988001, 0.082498, 0.996589, -0.00081796, 0.00991381, 5.01752e-08, 0.999951, -0.0760967, -1.40144, 0.0465265)
bind/6/name = &"Elbow_L"
bind/6/bone = -1
bind/6/pose = Transform3D(0.997433, 2.43432e-07, 0.0716158, -2.44003e-07, 0.999998, -7.71798e-10, -0.0716158, -1.67047e-08, 0.997433, -0.523986, -1.36094, 0.0909709)
bind/7/name = &"Hand_L"
bind/7/bone = -1
bind/7/pose = Transform3D(1, 2.10326e-07, 1.41561e-07, -2.10325e-07, 0.999998, -7.76479e-10, -1.41561e-07, 7.76451e-10, 1, -0.799632, -1.36094, 0.034174)
bind/8/name = &"Finger_01"
bind/8/bone = -1
bind/8/pose = Transform3D(0.98976, -0.112967, -0.087253, 0.11253, 0.993597, -0.00992006, 0.0878151, -8.65205e-08, 0.996137, -0.742484, -1.45295, -0.0122374)
bind/9/name = &"Finger_02"
bind/9/bone = -1
bind/9/pose = Transform3D(0.986728, -0.155131, -0.0479794, 0.154948, 0.987892, -0.00753421, 0.0485673, -8.81244e-08, 0.99882, -0.722207, -1.48499, 0.0249045)
bind/10/name = &"Finger_03"
bind/10/bone = -1
bind/10/pose = Transform3D(0.924155, -0.334952, -0.183696, 0.328524, 0.942233, -0.0653014, 0.194958, -6.9793e-08, 0.980812, -0.463411, -1.597, -0.119303)
bind/11/name = &"Finger_04"
bind/11/bone = -1
bind/11/pose = Transform3D(1, 2.11776e-07, 2.47732e-07, -2.11776e-07, 0.999998, -1.10384e-08, -2.47732e-07, 1.10384e-08, 1, -1.00393, -1.33947, 0.0779172)
bind/12/name = &"IndexFinger_01"
bind/12/bone = -1
bind/12/pose = Transform3D(0.991306, -0.0085258, 0.1313, 0.00845196, 0.999961, 0.0011195, -0.131305, -1.71152e-08, 0.991342, -0.883127, -1.3725, 0.12603)
bind/13/name = &"IndexFinger_02"
bind/13/bone = -1
bind/13/pose = Transform3D(0.973031, -0.204073, 0.107544, 0.202838, 0.978954, 0.0224184, -0.109856, 2.13418e-07, 0.993948, -0.640017, -1.52733, 0.105783)
bind/14/name = &"IndexFinger_03"
bind/14/bone = -1
bind/14/pose = Transform3D(0.947822, -0.314208, 0.0539054, 0.313701, 0.949352, 0.0178409, -0.0567811, 1.70858e-07, 0.998387, -0.503655, -1.59592, 0.0537043)
bind/15/name = &"IndexFinger_04"
bind/15/bone = -1
bind/15/pose = Transform3D(1, 1.06951e-07, 1.70432e-07, -1.06951e-07, 0.999998, -9.10945e-09, -1.70432e-07, 9.10945e-09, 1, -1.01689, -1.34496, -0.00404214)
bind/16/name = &"Thumb_01"
bind/16/bone = -1
bind/16/pose = Transform3D(0.831214, -0.182534, 0.525133, 0.154318, 0.983197, 0.0974921, -0.534106, 3.70377e-07, 0.845418, -0.453308, -1.45644, 0.436657)
bind/17/name = &"Thumb_02"
bind/17/bone = -1
bind/17/pose = Transform3D(0.847974, -0.452916, 0.27533, 0.430777, 0.891551, 0.139869, -0.30882, 6.92311e-07, 0.951121, -0.159149, -1.58116, 0.231979)
bind/18/name = &"Thumb_03"
bind/18/bone = -1
bind/18/pose = Transform3D(1, 1.61581e-07, -3.241e-07, -1.6158e-07, 0.999998, -5.30414e-10, 3.24101e-07, 5.30467e-10, 1, -0.935765, -1.31194, -0.059933)
bind/19/name = &"Clavicle_R"
bind/19/bone = -1
bind/19/pose = Transform3D(0.882852, 0.0129838, 0.469471, 0.0114638, -0.999913, 0.006096, 0.469511, 4.18964e-08, -0.882927, 0.0413168, 1.39276, 0.046918)
bind/20/name = &"Shoulder_R"
bind/20/bone = -1
bind/20/pose = Transform3D(0.996542, 0.0825025, 0.00988518, 0.0824982, -0.996588, 0.00081798, 0.00991896, 3.58866e-07, -0.999951, 0.0760965, 1.40144, -0.0465261)
bind/21/name = &"Elbow_R"
bind/21/bone = -1
bind/21/pose = Transform3D(0.997432, 1.81664e-08, -0.0716154, 1.82361e-08, -0.999998, 3.19675e-10, -0.0716154, -1.62484e-09, -0.997432, 0.523986, 1.36094, -0.0909707)
bind/22/name = &"Hand_R"
bind/22/bone = -1
bind/22/pose = Transform3D(1, 4.60172e-08, 1.11759e-07, 4.60171e-08, -0.999998, 2.57099e-10, 1.11759e-07, -2.57095e-10, -1, 0.799632, 1.36094, -0.0341737)
bind/23/name = &"Finger_01_1"
bind/23/bone = -1
bind/23/pose = Transform3D(0.98976, 0.112967, 0.0872547, 0.112531, -0.993596, 0.00992029, 0.0878168, 1.06508e-07, -0.996137, 0.742483, 1.45295, 0.012239)
bind/24/name = &"Finger_02_1"
bind/24/bone = -1
bind/24/pose = Transform3D(0.986728, 0.155129, 0.0479792, 0.154946, -0.987892, 0.00753425, 0.0485672, -7.6735e-08, -0.99882, 0.72221, 1.48499, -0.0249044)
bind/25/name = &"Finger_03_1"
bind/25/bone = -1
bind/25/pose = Transform3D(0.924155, 0.33495, 0.183697, 0.328522, -0.942234, 0.0653014, 0.194959, -1.82142e-08, -0.980812, 0.463414, 1.597, 0.119304)
bind/26/name = &"Finger_04_1"
bind/26/bone = -1
bind/26/pose = Transform3D(1, -7.59178e-08, 8.56817e-08, -7.59177e-08, -0.999998, -2.60616e-08, 8.56817e-08, 2.60616e-08, -1, 1.00393, 1.33947, -0.0779169)
bind/27/name = &"IndexFinger_01_1"
bind/27/bone = -1
bind/27/pose = Transform3D(0.991305, 0.00852611, -0.131311, 0.00845228, -0.999961, -0.0011195, -0.131316, -1.05533e-07, -0.991341, 0.883125, 1.37251, -0.126039)
bind/28/name = &"IndexFinger_02_1"
bind/28/bone = -1
bind/28/pose = Transform3D(0.97303, 0.204073, -0.107544, 0.202838, -0.978953, -0.0224185, -0.109856, -1.03454e-07, -0.993948, 0.640017, 1.52733, -0.105783)
bind/29/name = &"IndexFinger_03_1"
bind/29/bone = -1
bind/29/pose = Transform3D(0.947822, 0.314209, -0.0539051, 0.313702, -0.949351, -0.017841, -0.0567809, -4.83058e-08, -0.998387, 0.503653, 1.59592, -0.0537042)
bind/30/name = &"IndexFinger_04_1"
bind/30/bone = -1
bind/30/pose = Transform3D(1, 1.61462e-07, 1.10362e-07, 1.61462e-07, -0.999998, 1.22455e-08, 1.10362e-07, -1.22455e-08, -1, 1.01689, 1.34497, 0.00404246)
bind/31/name = &"Thumb_01_1"
bind/31/bone = -1
bind/31/pose = Transform3D(0.831214, 0.182535, -0.525133, 0.154318, -0.983197, -0.0974921, -0.534106, -6.73811e-07, -0.845417, 0.453307, 1.45644, -0.436656)
bind/32/name = &"Thumb_02_1"
bind/32/bone = -1
bind/32/pose = Transform3D(0.847974, 0.452916, -0.27533, 0.430778, -0.891551, -0.139869, -0.30882, -8.25524e-07, -0.951121, 0.159147, 1.58116, -0.231979)
bind/33/name = &"Thumb_03_1"
bind/33/bone = -1
bind/33/pose = Transform3D(1, 2.20259e-07, 7.18981e-07, 2.20259e-07, -0.999998, -2.61452e-08, 7.18981e-07, 2.61454e-08, -1, 0.935765, 1.31195, 0.0599334)
bind/34/name = &"Neck"
bind/34/bone = -1
bind/34/pose = Transform3D(-2.34985e-08, 0.9873, 0.15885, -8.47787e-09, 0.15885, -0.987303, -1, -2.45469e-08, 4.63748e-09, -1.42677, -0.254032, 3.49691e-08)
bind/35/name = &"Head"
bind/35/bone = -1
bind/35/pose = Transform3D(1, -1.51029e-08, -3.05917e-08, 1.51028e-08, 0.999997, 1.58925e-08, 3.05917e-08, -1.58925e-08, 1, 2.42618e-08, -1.56911, 0.00483958)
bind/36/name = &"Eyebrows"
bind/36/bone = -1
bind/36/pose = Transform3D(1, -8.50076e-09, -1.03779e-08, 8.50074e-09, 0.999997, 5.97889e-08, 1.03779e-08, -5.9789e-08, 1, 1.52632e-08, -1.69678, -0.117883)
bind/37/name = &"Eyes"
bind/37/bone = -1
bind/37/pose = Transform3D(1, -8.50076e-09, -1.03779e-08, 8.50074e-09, 0.999997, 1.04677e-07, 1.03779e-08, -1.04677e-07, 1, 1.4981e-08, -1.66358, -0.117882)
bind/38/name = &"UpperLeg_L"
bind/38/bone = -1
bind/38/pose = Transform3D(-0.0317411, 0.999496, 7.6113e-08, -0.999496, -0.0317411, -4.09092e-09, -1.67295e-09, -7.62045e-08, 1, -0.827998, 0.125312, 0.0204692)
bind/39/name = &"LowerLeg_L"
bind/39/bone = -1
bind/39/pose = Transform3D(-0.00742943, 0.999026, 0.0434995, -0.168194, -0.0441293, 0.984766, 0.985726, -8.65352e-08, 0.168358, -0.430309, 0.0580185, -0.106602)
bind/40/name = &"Ankle_L"
bind/40/bone = -1
bind/40/pose = Transform3D(-4.21889e-07, 0.519973, -0.854183, -2.4005e-07, -0.854183, -0.519973, -1, -1.43243e-08, 4.8519e-07, -0.0604563, 0.0283995, 0.114443)
bind/41/name = &"Ball_L"
bind/41/bone = -1
bind/41/pose = Transform3D(2.41749e-07, -2.8213e-07, -1, -3.4638e-08, -1, 2.8213e-07, -1, 3.46379e-08, -2.41749e-07, 0.0595125, -0.0029799, 0.114443)
bind/42/name = &"Toes_L"
bind/42/bone = -1
bind/42/pose = Transform3D(1, -3.4638e-08, -2.70205e-07, -3.46381e-08, -1, -2.54303e-08, -2.70205e-07, 2.54303e-08, -1, -0.114443, -0.00297987, 0.13247)
bind/43/name = &"UpperLeg_R"
bind/43/bone = -1
bind/43/pose = Transform3D(-0.0317411, -0.999496, -2.53981e-07, -0.999496, 0.0317411, -1.82759e-08, 2.63283e-08, 2.53273e-07, -1, 0.827998, -0.125312, -0.0204693)
bind/44/name = &"LowerLeg_R"
bind/44/bone = -1
bind/44/pose = Transform3D(-0.0074295, -0.999026, -0.0434994, -0.168194, 0.0441293, -0.984766, 0.985726, 3.0628e-08, -0.168358, 0.430309, -0.0580184, 0.106602)
bind/45/name = &"Ankle_R"
bind/45/bone = -1
bind/45/pose = Transform3D(3.5204e-07, -0.519973, 0.854183, 3.18413e-07, 0.854183, 0.519973, -1, 8.89318e-08, 4.66273e-07, 0.0604564, -0.0283996, -0.114443)
bind/46/name = &"Ball_R"
bind/46/bone = -1
bind/46/pose = Transform3D(2.58125e-07, 2.8213e-07, 1, -5.74545e-10, 1, -2.8213e-07, -1, -5.74472e-10, 2.58125e-07, -0.0595125, 0.00297973, -0.114443)
bind/47/name = &"Toes_R"
bind/47/bone = -1
bind/47/pose = Transform3D(1, 5.74455e-10, -3.8743e-07, -5.74462e-10, 1, -1.70873e-08, 3.8743e-07, 1.70873e-08, 1, 0.114443, 0.00297973, -0.13247)

[sub_resource type="Animation" id="Animation_qa0oq"]
length = 0.001
tracks/0/type = "value"
tracks/0/imported = false
tracks/0/enabled = true
tracks/0/path = NodePath("Root/Skeleton3D/RightHandEquipmentSocketBoneAttatchment/SM_Prop_Rifle_01:rotation")
tracks/0/interp = 1
tracks/0/loop_wrap = true
tracks/0/keys = {
"times": PackedFloat32Array(0),
"transitions": PackedFloat32Array(1),
"update": 0,
"values": [Vector3(-0.00262566, -1.26185, 1.66689)]
}
tracks/1/type = "value"
tracks/1/imported = false
tracks/1/enabled = true
tracks/1/path = NodePath("Root/Skeleton3D/RightHandEquipmentSocketBoneAttatchment/SM_Prop_Rifle_01:position")
tracks/1/interp = 1
tracks/1/loop_wrap = true
tracks/1/keys = {
"times": PackedFloat32Array(0),
"transitions": PackedFloat32Array(1),
"update": 0,
"values": [Vector3(-0.0945385, 0.0177203, -0.0153483)]
}
tracks/2/type = "value"
tracks/2/imported = false
tracks/2/enabled = true
tracks/2/path = NodePath("Root/Skeleton3D/RightHandEquipmentSocketBoneAttatchment/SM_Prop_Rifle_01:scale")
tracks/2/interp = 1
tracks/2/loop_wrap = true
tracks/2/keys = {
"times": PackedFloat32Array(0),
"transitions": PackedFloat32Array(1),
"update": 0,
"values": [Vector3(1, 1, 0.999999)]
}
tracks/3/type = "position_3d"
tracks/3/imported = false
tracks/3/enabled = true
tracks/3/path = NodePath("Root")
tracks/3/interp = 1
tracks/3/loop_wrap = true
tracks/3/keys = PackedFloat32Array(0, 1, 0, 0, 0)

[sub_resource type="AnimationLibrary" id="AnimationLibrary_6h5co"]
_data = {
"RESET": SubResource("Animation_qa0oq")
}

[sub_resource type="AnimationLibrary" id="AnimationLibrary_8qchs"]
_data = {
"Idle": ExtResource("7_w8bih"),
"Strafe": ExtResource("5_kynms"),
"Strafe2": ExtResource("6_pq7w4"),
"firing run": ExtResource("8_eb4ou")
}

[sub_resource type="AnimationNodeAnimation" id="AnimationNodeAnimation_eop0i"]
animation = &"Animations/Idle"

[sub_resource type="AnimationNodeAnimation" id="AnimationNodeAnimation_dvgv1"]
animation = &"Animations/firing run"

[sub_resource type="AnimationNodeAnimation" id="AnimationNodeAnimation_sa4xv"]
animation = &"Animations/Idle"

[sub_resource type="AnimationNodeAnimation" id="AnimationNodeAnimation_7y37l"]
animation = &"Animations/firing run"

[sub_resource type="AnimationNodeAnimation" id="AnimationNodeAnimation_2wv4o"]
animation = &"Animations/Strafe"

[sub_resource type="AnimationNodeAnimation" id="AnimationNodeAnimation_87gep"]
animation = &"Animations/Strafe2"

[sub_resource type="AnimationNodeBlendSpace2D" id="AnimationNodeBlendSpace2D_a87e8"]
blend_point_0/node = SubResource("AnimationNodeAnimation_sa4xv")
blend_point_0/pos = Vector2(0, 0)
blend_point_1/node = SubResource("AnimationNodeAnimation_7y37l")
blend_point_1/pos = Vector2(0, 1)
blend_point_2/node = SubResource("AnimationNodeAnimation_2wv4o")
blend_point_2/pos = Vector2(1, 0)
blend_point_3/node = SubResource("AnimationNodeAnimation_87gep")
blend_point_3/pos = Vector2(-1, 0)

[sub_resource type="AnimationNodeStateMachineTransition" id="AnimationNodeStateMachineTransition_nqpnd"]
xfade_time = 0.25
xfade_curve = ExtResource("9_u8go1")
advance_mode = 2
advance_condition = &"IsWalking"

[sub_resource type="AnimationNodeStateMachineTransition" id="AnimationNodeStateMachineTransition_8u5ux"]
xfade_time = 0.25
xfade_curve = ExtResource("9_u8go1")
advance_mode = 2
advance_expression = "get(\"parameters/conditions/IsWalking\") == false"

[sub_resource type="AnimationNodeStateMachineTransition" id="AnimationNodeStateMachineTransition_pwly3"]
advance_mode = 2

[sub_resource type="AnimationNodeStateMachine" id="AnimationNodeStateMachine_asmgs"]
states/Animations_Idle/node = SubResource("AnimationNodeAnimation_eop0i")
states/Animations_Idle/position = Vector2(367, 277)
"states/Animations_firing run/node" = SubResource("AnimationNodeAnimation_dvgv1")
"states/Animations_firing run/position" = Vector2(367, 392)
states/End/position = Vector2(785, 162)
states/IWR/node = SubResource("AnimationNodeBlendSpace2D_a87e8")
states/IWR/position = Vector2(465, 59)
states/Start/position = Vector2(138, 277)
transitions = ["Animations_Idle", "Animations_firing run", SubResource("AnimationNodeStateMachineTransition_nqpnd"), "Animations_firing run", "Animations_Idle", SubResource("AnimationNodeStateMachineTransition_8u5ux"), "Start", "Animations_Idle", SubResource("AnimationNodeStateMachineTransition_pwly3")]
graph_offset = Vector2(-161, 229)

[sub_resource type="BoxShape3D" id="BoxShape3D_ff2eu"]
size = Vector3(0.730652, 1.86121, 0.819702)

[sub_resource type="QuadMesh" id="QuadMesh_k1ff4"]
material = ExtResource("9_s4w51")

[sub_resource type="Resource" id="Resource_fptm8"]
script = ExtResource("21_elrpc")
max_move_distance = 5
ap_cost = 1
rotate_speed = 4.3
move_speed = 5.5
stopping_distance = 0.1
acceleration_timer = 0.5
rotation_acceleration_timer = 0.5
ui_name = "Move"
cooldown_duration = 0.0
cooldown_continuos = false
grant_automatic = true
grant_tags = Array[String]([])
grant_tags_required = Array[String]([])
tags_type = Array[String]([])
tags_activation = Array[String]([])
tags_activation_required = Array[String]([])
tags_block = Array[String]([])
tags_cancellation_required = Array[String]([])
tags_cooldown_start = Array[String]([])
tags_cooldown_end = Array[String]([])
tags_end_blocking = Array[String]([])
tags_to_remove_on_activation = Array[String]([])
tags_to_remove_on_block = Array[String]([])
tags_to_remove_on_cancellation = Array[String]([])
tags_to_remove_on_cooldown_start = Array[String]([])
tags_to_remove_on_cooldown_end = Array[String]([])
tags_to_remove_on_end = Array[String]([])

[node name="Unit" type="Node3D" node_paths=PackedStringArray("animator", "shoot_point")]
script = ExtResource("1_a05v8")
animator = NodePath("UnitAnimator")
death_vfx_scene = ExtResource("2_1rbfy")
shoulder_height = 0.5
shoot_point = NodePath("Root/Skeleton3D/RightHandEquipmentSocketBoneAttatchment/ShootPoint")

[node name="Root" type="Node3D" parent="."]
transform = Transform3D(0.76791, 0.123578, -0.628526, 0.0283024, 0.973712, 0.226025, 0.639936, -0.191355, 0.744221, 0, 0, 0)

[node name="Skeleton3D" type="Skeleton3D" parent="Root"]
transform = Transform3D(0.999996, -0.00281894, 0.00050474, 0.00281855, 0.999996, 0.000779397, -0.000506935, -0.000777971, 1, 5.63792e-05, -0.0199999, 1.55605e-05)
bones/0/name = "Hips"
bones/0/parent = -1
bones/0/rest = Transform3D(0, -8.9407e-08, 1, 0.988775, 0.149412, 8.9407e-08, -0.149412, 0.988775, 0, 0, 0.876276, -9.42969e-09)
bones/0/enabled = true
bones/0/position = Vector3(0, 0.876276, -9.42969e-09)
bones/0/rotation = Quaternion(0.461137, 0.536053, 0.461137, 0.536053)
bones/0/scale = Vector3(1, 1, 1)
bones/1/name = "Spine_01"
bones/1/parent = 0
bones/1/rest = Transform3D(0.980133, 0.198366, -6.31038e-08, 0.198367, -0.980128, -2.15327e-08, -6.61216e-08, 8.58711e-09, -1, 0.103933, 1.24825e-08, 4.54303e-09)
bones/1/enabled = true
bones/1/position = Vector3(0.103933, 1.24825e-08, 4.54303e-09)
bones/1/rotation = Quaternion(0.987377, 0.158383, -0.00140818, 0.000666163)
bones/1/scale = Vector3(1.00001, 1, 1)
bones/2/name = "Spine_02"
bones/2/parent = 1
bones/2/rest = Transform3D(0.980791, 0.19506, -6.60645e-08, 0.19506, -0.980791, 8.44414e-09, -6.31483e-08, -2.11685e-08, -1, 0.18151, 2.11347e-07, -1.94734e-08)
bones/2/enabled = true
bones/2/position = Vector3(0.18151, 2.11347e-07, -1.94734e-08)
bones/2/rotation = Quaternion(0.999034, -0.0436003, -0.00553502, -0.000277759)
bones/2/scale = Vector3(1, 1, 1)
bones/3/name = "Spine_03"
bones/3/parent = 2
bones/3/rest = Transform3D(0.975316, 0.220803, -6.27799e-08, 0.220802, -0.975318, -2.39627e-08, -6.65213e-08, 9.50929e-09, -1, 0.179036, -5.17559e-07, 7.82578e-09)
bones/3/enabled = true
bones/3/position = Vector3(0.179036, -5.17559e-07, 7.82578e-09)
bones/3/rotation = Quaternion(0.967772, 0.25177, 0.00547963, 0.000188822)
bones/3/scale = Vector3(0.999998, 0.999999, 1)
bones/4/name = "Clavicle_L"
bones/4/parent = 3
bones/4/rest = Transform3D(-0.0486083, 0.996563, 0.0670691, 0.467129, 0.0820343, -0.880375, -0.882852, -0.0114637, -0.469511, 0.0580116, -0.0419145, -0.0744715)
bones/4/enabled = true
bones/4/position = Vector3(0.0580116, -0.0419145, -0.0744715)
bones/4/rotation = Quaternion(0.343322, 0.76137, -0.212747, 0.507134)
bones/4/scale = Vector3(1, 0.999999, 1)
bones/5/name = "Shoulder_L"
bones/5/parent = 4
bones/5/rest = Transform3D(0.885509, 0.0602785, -0.460696, -0.0710112, 0.997458, -0.00598188, 0.459164, 0.0380116, 0.887538, 0.131979, -1.12097e-07, -5.79011e-09)
bones/5/enabled = true
bones/5/position = Vector3(0.131979, -1.12097e-07, -5.79011e-09)
bones/5/rotation = Quaternion(-0.140685, -0.415662, -0.51398, 0.73706)
bones/5/scale = Vector3(1, 1, 1)
bones/6/name = "Elbow_L"
bones/6/parent = 5
bones/6/rest = Transform3D(0.993275, -0.0825025, -0.0812227, 0.082228, 0.996591, -0.00672404, 0.0815006, 3.91155e-08, 0.996673, 0.339474, -0.00144895, -0.00143647)
bones/6/enabled = true
bones/6/position = Vector3(0.339474, -0.00144895, -0.00143647)
bones/6/rotation = Quaternion(0.000299195, -0.532369, -0.00118447, 0.846511)
bones/6/scale = Vector3(1, 1, 1)
bones/7/name = "Hand_L"
bones/7/parent = 6
bones/7/rest = Transform3D(0.997432, 3.35907e-08, 0.0716156, -3.36775e-08, 1, 4.71989e-12, -0.0716156, -2.41654e-09, 0.997432, 0.271145, -6.06405e-08, -0.000381467)
bones/7/enabled = true
bones/7/position = Vector3(0.271145, -6.06405e-08, -0.000381467)
bones/7/rotation = Quaternion(-0.766459, 0.197234, 0.221136, 0.569858)
bones/7/scale = Vector3(1, 1, 1)
bones/8/name = "Finger_01"
bones/8/parent = 7
bones/8/rest = Transform3D(0.98976, 0.11253, 0.0878152, -0.112967, 0.993599, -9.45292e-08, -0.0872531, -0.00992011, 0.996137, 0.0998254, -0.0011597, -0.0328334)
bones/8/enabled = true
bones/8/position = Vector3(0.0998254, -0.0011597, -0.0328334)
bones/8/rotation = Quaternion(-0.00248638, 0.0438797, -0.0565193, 0.997434)
bones/8/scale = Vector3(1, 1, 1)
bones/9/name = "Finger_02"
bones/9/parent = 8
bones/9/rest = Transform3D(0.998335, 0.0424201, -0.03908, -0.0426257, 0.999081, -0.00444318, 0.0388556, 0.00610159, 0.999226, 0.042488, -4.76073e-07, -2.59624e-08)
bones/9/enabled = true
bones/9/position = Vector3(0.042488, -4.76073e-07, -2.59624e-08)
bones/9/rotation = Quaternion(-0.0498007, 0.0438174, -0.407227, 0.910915)
bones/9/scale = Vector3(1, 1, 1)
bones/10/name = "Finger_03"
bones/10/parent = 9
bones/10/rest = Transform3D(0.972665, 0.181128, 0.145312, -0.186317, 0.982225, 0.0228187, -0.138596, -0.049269, 0.989123, 0.0351335, 4.27764e-07, 3.27121e-08)
bones/10/enabled = true
bones/10/position = Vector3(0.0351335, 4.27764e-07, 3.27121e-08)
bones/10/rotation = Quaternion(-0.0153895, -0.0269944, -0.538628, 0.841971)
bones/10/scale = Vector3(1, 1, 1)
bones/11/name = "Finger_04"
bones/11/parent = 10
bones/11/rest = Transform3D(0.924155, -0.334953, -0.183696, 0.328525, 0.942236, -0.0653015, 0.194958, -1.9744e-07, 0.980811, 0.0300322, -2.43856e-07, -6.05388e-08)
bones/11/enabled = true
bones/11/position = Vector3(0.0300322, -2.43856e-07, -6.05388e-08)
bones/11/rotation = Quaternion(-0.0757131, -0.0611192, -0.805005, 0.585235)
bones/11/scale = Vector3(1, 1, 1)
bones/12/name = "Finger_04_end"
bones/12/parent = 11
bones/12/rest = Transform3D(1, 0, 0, 0, 1, 0, 0, 0, 1, 0, 0.0300322, 0)
bones/12/enabled = true
bones/12/position = Vector3(0, 0.0300322, 0)
bones/12/rotation = Quaternion(0, 0, 0, 1)
bones/12/scale = Vector3(1, 1, 1)
bones/13/name = "IndexFinger_01"
bones/13/parent = 7
bones/13/rest = Transform3D(0.991306, 0.00845219, -0.131305, -0.00852601, 0.999964, 8.55653e-09, 0.1313, 0.0011195, 0.991342, 0.103966, 0.00398681, 0.0267265)
bones/13/enabled = true
bones/13/position = Vector3(0.103966, 0.00398681, 0.0267265)
bones/13/rotation = Quaternion(-0.0506856, 0.10117, -0.332664, 0.936232)
bones/13/scale = Vector3(1, 1, 1)
bones/14/name = "IndexFinger_02"
bones/14/parent = 13
bones/14/rest = Transform3D(0.980431, 0.195672, 0.0216049, -0.195721, 0.980659, 0.000184441, -0.0211509, -0.00440937, 0.999767, 0.0409365, 4.5015e-07, -2.5258e-08)
bones/14/enabled = true
bones/14/position = Vector3(0.0409365, 4.5015e-07, -2.5258e-08)
bones/14/rotation = Quaternion(-0.00100318, -0.0284694, -0.501276, 0.864818)
bones/14/scale = Vector3(1, 1, 1)
bones/15/name = "IndexFinger_03"
bones/15/parent = 14
bones/15/rest = Transform3D(0.992179, 0.113422, 0.0521209, -0.114133, 0.993406, 0.0108651, -0.0505449, -0.0167288, 0.998582, 0.0379119, -2.27349e-07, -4.23471e-08)
bones/15/enabled = true
bones/15/position = Vector3(0.0379119, -2.27349e-07, -4.23471e-08)
bones/15/rotation = Quaternion(-0.00677149, -0.0102192, -0.209902, 0.977645)
bones/15/scale = Vector3(1, 1, 1)
bones/16/name = "IndexFinger_04"
bones/16/parent = 15
bones/16/rest = Transform3D(0.947822, -0.314209, 0.0539053, 0.313701, 0.949354, 0.0178409, -0.0567809, 1.89059e-07, 0.998387, 0.0377977, 3.97478e-07, 1.00055e-08)
bones/16/enabled = true
bones/16/position = Vector3(0.0377977, 3.97478e-07, 1.00055e-08)
bones/16/rotation = Quaternion(-0.00451956, 0.02804, 0.159068, 0.986859)
bones/16/scale = Vector3(1, 1, 1)
bones/17/name = "IndexFinger_04_end"
bones/17/parent = 16
bones/17/rest = Transform3D(1, 0, 0, 0, 1, 0, 0, 0, 1, 0, 0.0377979, 0)
bones/17/enabled = true
bones/17/position = Vector3(0, 0.0377979, 0)
bones/17/rotation = Quaternion(0, 0, 0, 1)
bones/17/scale = Vector3(1, 1, 1)
bones/18/name = "Thumb_01"
bones/18/parent = 7
bones/18/rest = Transform3D(0.831214, 0.154318, -0.534106, -0.182535, 0.9832, 3.76254e-07, 0.525132, 0.0974924, 0.845418, 0.0351405, -0.0117074, 0.0450554)
bones/18/enabled = true
bones/18/position = Vector3(0.0351405, -0.0117074, 0.0450554)
bones/18/rotation = Quaternion(0.0988971, -0.0786165, -0.206689, 0.970216)
bones/18/scale = Vector3(1, 1, 1)
bones/19/name = "Thumb_02"
bones/19/parent = 18
bones/19/rest = Transform3D(0.932106, 0.26878, 0.242769, -0.287607, 0.956687, 0.0450712, -0.22014, -0.111833, 0.969037, 0.0637021, -8.35318e-08, 5.42795e-09)
bones/19/enabled = true
bones/19/position = Vector3(0.0637021, -8.35318e-08, 5.42795e-09)
bones/19/rotation = Quaternion(0.128167, 0.051742, -0.0392683, 0.989623)
bones/19/scale = Vector3(1, 1, 1)
bones/20/name = "Thumb_03"
bones/20/parent = 19
bones/20/rest = Transform3D(0.847974, -0.452917, 0.27533, 0.430778, 0.891553, 0.139869, -0.30882, 8.86619e-07, 0.95112, 0.0566554, 5.5984e-07, 4.76847e-08)
bones/20/enabled = true
bones/20/position = Vector3(0.0566554, 5.5984e-07, 4.76847e-08)
bones/20/rotation = Quaternion(0.170115, 0.0682919, -0.652207, 0.735543)
bones/20/scale = Vector3(0.999999, 1, 1)
bones/21/name = "Thumb_03_end"
bones/21/parent = 20
bones/21/rest = Transform3D(1, 0, 0, 0, 1, 0, 0, 0, 1, 0, 0.0566555, 0)
bones/21/enabled = true
bones/21/position = Vector3(0, 0.0566555, 0)
bones/21/rotation = Quaternion(0, 0, 0, 1)
bones/21/scale = Vector3(1, 1, 1)
bones/22/name = "Clavicle_R"
bones/22/parent = 3
bones/22/rest = Transform3D(0.0486085, -0.996564, -0.0670693, -0.467129, -0.0820346, 0.880376, -0.882852, -0.0114638, -0.469511, 0.0580152, -0.0419142, 0.0744715)
bones/22/enabled = true
bones/22/position = Vector3(0.0580152, -0.0419142, 0.0744715)
bones/22/rotation = Quaternion(0.805999, -0.380332, -0.441695, -0.103053)
bones/22/scale = Vector3(1, 1, 1)
bones/23/name = "Shoulder_R"
bones/23/parent = 22
bones/23/rest = Transform3D(0.885511, 0.0602784, -0.460691, -0.0710112, 0.997457, -0.00598241, 0.459159, 0.0380117, 0.88754, -0.131979, 6.38265e-06, 8.18799e-08)
bones/23/enabled = true
bones/23/position = Vector3(-0.131979, 6.38265e-06, 8.18799e-08)
bones/23/rotation = Quaternion(0.24908, -0.691784, -0.448628, 0.508062)
bones/23/scale = Vector3(1, 1, 1)
bones/24/name = "Elbow_R"
bones/24/parent = 23
bones/24/rest = Transform3D(0.993275, -0.0825025, -0.0812276, 0.082228, 0.996591, -0.00672403, 0.0815054, -3.67407e-07, 0.996673, -0.339475, 0.00144761, 0.0014347)
bones/24/enabled = true
bones/24/position = Vector3(-0.339475, 0.00144761, 0.0014347)
bones/24/rotation = Quaternion(-0.000479896, -0.756388, -0.000549933, 0.654123)
bones/24/scale = Vector3(1, 1, 1)
bones/25/name = "Hand_R"
bones/25/parent = 24
bones/25/rest = Transform3D(0.997432, 2.77142e-08, 0.0716155, -2.7781e-08, 1, -6.25834e-11, -0.0716155, -1.92713e-09, 0.997432, -0.271145, -2.48715e-07, 0.00038137)
bones/25/enabled = true
bones/25/position = Vector3(-0.271145, -2.48715e-07, 0.00038137)
bones/25/rotation = Quaternion(-0.296471, 0.150289, 0.196941, 0.922352)
bones/25/scale = Vector3(1, 1, 1)
bones/26/name = "Finger_01_1"
bones/26/parent = 25
bones/26/rest = Transform3D(0.98976, 0.112531, 0.0878167, -0.112967, 0.993599, -8.98726e-08, -0.0872546, -0.00992032, 0.996137, -0.099825, 0.00115991, 0.0328334)
bones/26/enabled = true
bones/26/position = Vector3(-0.099825, 0.00115991, 0.0328334)
bones/26/rotation = Quaternion(-0.00248644, 0.0438804, -0.0565195, 0.997434)
bones/26/scale = Vector3(1, 1, 1)
bones/27/name = "Finger_02_1"
bones/27/parent = 26
bones/27/rest = Transform3D(0.998335, 0.0424174, -0.0390819, -0.042623, 0.999081, -0.00444323, 0.0388575, 0.00610162, 0.999226, -0.042488, 2.18015e-07, -7.28171e-08)
bones/27/enabled = true
bones/27/position = Vector3(-0.042488, 2.18015e-07, -7.28171e-08)
bones/27/rotation = Quaternion(-0.0325974, 0.0709533, -0.401766, 0.912407)
bones/27/scale = Vector3(1, 1, 1)
bones/28/name = "Finger_03_1"
bones/28/parent = 27
bones/28/rest = Transform3D(0.972665, 0.181127, 0.145313, -0.186317, 0.982224, 0.0228185, -0.138597, -0.049269, 0.989123, -0.0351334, -2.0929e-07, 3.17855e-09)
bones/28/enabled = true
bones/28/position = Vector3(-0.0351334, -2.0929e-07, 3.17855e-09)
bones/28/rotation = Quaternion(-0.0104068, -0.0582421, -0.819948, 0.569372)
bones/28/scale = Vector3(1, 1, 1)
bones/29/name = "Finger_04_1"
bones/29/parent = 28
bones/29/rest = Transform3D(0.924155, -0.33495, -0.183697, 0.328523, 0.942236, -0.0653015, 0.194959, -3.72529e-08, 0.980811, -0.0300311, 1.22729e-06, 3.52608e-07)
bones/29/enabled = true
bones/29/position = Vector3(-0.0300311, 1.22729e-06, 3.52608e-07)
bones/29/rotation = Quaternion(0.0509391, -0.0857139, 0.57974, 0.808678)
bones/29/scale = Vector3(1, 1, 1)
bones/30/name = "Finger_04_1_end"
bones/30/parent = 29
bones/30/rest = Transform3D(1, 0, 0, 0, 1, 0, 0, 0, 1, 0, 0.0300312, 0)
bones/30/enabled = true
bones/30/position = Vector3(0, 0.0300312, 0)
bones/30/rotation = Quaternion(0, 0, 0, 1)
bones/30/scale = Vector3(1, 1, 1)
bones/31/name = "IndexFinger_01_1"
bones/31/parent = 25
bones/31/rest = Transform3D(0.991305, 0.00845225, -0.131316, -0.00852607, 0.999964, 9.80217e-08, 0.131311, 0.00111951, 0.991341, -0.103966, -0.00398982, -0.0267265)
bones/31/enabled = true
bones/31/position = Vector3(-0.103966, -0.00398982, -0.0267265)
bones/31/rotation = Quaternion(-0.0180424, 0.0929081, -0.124201, 0.987733)
bones/31/scale = Vector3(1, 1, 1)
bones/32/name = "IndexFinger_02_1"
bones/32/parent = 31
bones/32/rest = Transform3D(0.980431, 0.195671, 0.0216156, -0.195721, 0.98066, 0.000184303, -0.0211615, -0.00441132, 0.999766, -0.0409362, 4.93106e-07, 4.15409e-07)
bones/32/enabled = true
bones/32/position = Vector3(-0.0409362, 4.93106e-07, 4.15409e-07)
bones/32/rotation = Quaternion(-0.0011125, -0.0219992, -0.283034, 0.958857)
bones/32/scale = Vector3(1, 1, 1)
bones/33/name = "IndexFinger_03_1"
bones/33/parent = 32
bones/33/rest = Transform3D(0.992179, 0.113423, 0.0521209, -0.114134, 0.993406, 0.0108651, -0.0505449, -0.0167289, 0.998582, -0.037912, 3.26177e-06, -3.00348e-08)
bones/33/enabled = true
bones/33/position = Vector3(-0.037912, 3.26177e-06, -3.00348e-08)
bones/33/rotation = Quaternion(-0.00669235, -0.0178813, -0.256929, 0.966242)
bones/33/scale = Vector3(1, 1, 1)
bones/34/name = "IndexFinger_04_1"
bones/34/parent = 33
bones/34/rest = Transform3D(0.947822, -0.314209, 0.0539052, 0.313702, 0.949354, 0.0178411, -0.0567809, 4.84288e-08, 0.998387, -0.0377933, -5.25734e-06, -1.5825e-07)
bones/34/enabled = true
bones/34/position = Vector3(-0.0377933, -5.25734e-06, -1.5825e-07)
bones/34/rotation = Quaternion(-0.00451965, 0.02804, 0.159068, 0.986859)
bones/34/scale = Vector3(1, 1, 1)
bones/35/name = "IndexFinger_04_1_end"
bones/35/parent = 34
bones/35/rest = Transform3D(1, 0, 0, 0, 1, 0, 0, 0, 1, 0, 0.0377935, 0)
bones/35/enabled = true
bones/35/position = Vector3(0, 0.0377935, 0)
bones/35/rotation = Quaternion(0, 0, 0, 1)
bones/35/scale = Vector3(1, 1, 1)
bones/36/name = "Thumb_01_1"
bones/36/parent = 25
bones/36/rest = Transform3D(0.831214, 0.154318, -0.534106, -0.182535, 0.983199, 5.43892e-07, 0.525133, 0.0974924, 0.845417, -0.0351399, 0.0117101, -0.0450554)
bones/36/enabled = true
bones/36/position = Vector3(-0.0351399, 0.0117101, -0.0450554)
bones/36/rotation = Quaternion(0.0821745, -0.135658, -0.317008, 0.935067)
bones/36/scale = Vector3(1, 1, 1)
bones/37/name = "Thumb_02_1"
bones/37/parent = 36
bones/37/rest = Transform3D(0.932106, 0.268779, 0.242769, -0.287607, 0.956687, 0.0450712, -0.22014, -0.111833, 0.969036, -0.0637018, -7.88494e-06, 5.83946e-07)
bones/37/enabled = true
bones/37/position = Vector3(-0.0637018, -7.88494e-06, 5.83946e-07)
bones/37/rotation = Quaternion(0.148988, 0.238562, 0.0105043, 0.959573)
bones/37/scale = Vector3(1, 1, 1)
bones/38/name = "Thumb_03_1"
bones/38/parent = 37
bones/38/rest = Transform3D(0.847973, -0.452917, 0.27533, 0.430778, 0.891554, 0.139869, -0.30882, 9.31323e-07, 0.95112, -0.0566548, -3.66542e-07, -2.35886e-07)
bones/38/enabled = true
bones/38/position = Vector3(-0.0566548, -3.66542e-07, -2.35886e-07)
bones/38/rotation = Quaternion(0.243066, 0.410232, 0.727237, 0.493716)
bones/38/scale = Vector3(0.999999, 1, 1)
bones/39/name = "Thumb_03_1_end"
bones/39/parent = 38
bones/39/rest = Transform3D(1, 0, 0, 0, 1, 0, 0, 0, 1, 0, 0.0566548, 0)
bones/39/enabled = true
bones/39/position = Vector3(0, 0.0566548, 0)
bones/39/rotation = Quaternion(0, 0, 0, 1)
bones/39/scale = Vector3(1, 1, 1)
bones/40/name = "Neck"
bones/40/parent = 3
bones/40/rest = Transform3D(0.996517, 0.083393, 8.3161e-08, -0.083393, 0.996517, 1.90573e-09, -8.27124e-08, -8.83413e-09, 1, 0.111889, -4.23926e-08, -1.2004e-08)
bones/40/enabled = true
bones/40/position = Vector3(0.111889, -4.23926e-08, -1.2004e-08)
bones/40/rotation = Quaternion(0.032806, 0.00101773, -0.0458294, 0.99841)
bones/40/scale = Vector3(1, 1, 1)
bones/41/name = "Head"
bones/41/parent = 40
bones/41/rest = Transform3D(4.76837e-07, 0.987303, 0.15885, -2.38419e-07, 0.15885, -0.987303, -1, 3.8743e-07, 3.57628e-07, 0.121644, -5.64345e-08, -2.85847e-09)
bones/41/enabled = true
bones/41/position = Vector3(0.121644, -5.64345e-08, -2.85847e-09)
bones/41/rotation = Quaternion(0.476906, 0.552495, -0.443873, 0.519891)
bones/41/scale = Vector3(1, 1, 1)
bones/42/name = "Eyebrows"
bones/42/parent = 41
bones/42/rest = Transform3D(1, -6.60213e-09, -2.02138e-08, 6.60213e-09, 1, -4.38965e-08, 2.02138e-08, 4.38965e-08, 1, -4.58663e-09, 0.127669, 0.122722)
bones/42/enabled = true
bones/42/position = Vector3(-4.58663e-09, 0.127669, 0.122722)
bones/42/rotation = Quaternion(0.00412328, 0.0326983, 0.00284426, 0.999453)
bones/42/scale = Vector3(1, 1, 1)
bones/43/name = "Eyebrows_end"
bones/43/parent = 42
bones/43/rest = Transform3D(1, 0, 0, 0, 1, 0, 0, 0, 1, 0, 0.165982, 0)
bones/43/enabled = true
bones/43/position = Vector3(0, 0.165982, 0)
bones/43/rotation = Quaternion(0, 0, 0, 1)
bones/43/scale = Vector3(1, 1, 1)
bones/44/name = "Eyes"
bones/44/parent = 41
bones/44/rest = Transform3D(1, -6.60213e-09, -2.02138e-08, 6.60213e-09, 1, -8.87845e-08, 2.02138e-08, 8.87845e-08, 1, -4.08532e-09, 0.0944759, 0.122722)
bones/44/enabled = true
bones/44/position = Vector3(-4.08532e-09, 0.0944759, 0.122722)
bones/44/rotation = Quaternion(4.43923e-08, -1.01069e-08, 3.30106e-09, 1)
bones/44/scale = Vector3(1, 1, 1)
bones/45/name = "Eyes_end"
bones/45/parent = 44
bones/45/rest = Transform3D(1, 0, 0, 0, 1, 0, 0, 0, 1, 0, 0.165982, 0)
bones/45/enabled = true
bones/45/position = Vector3(0, 0.165982, 0)
bones/45/rotation = Quaternion(0, 0, 0, 1)
bones/45/scale = Vector3(1, 1, 1)
bones/46/name = "UpperLeg_L"
bones/46/parent = 0
bones/46/rest = Transform3D(0.988277, -0.0313848, -0.149412, 0.149337, -0.00474262, 0.988775, -0.0317411, -0.999496, -1.19209e-07, -0.0411579, -0.0269208, 0.0989671)
bones/46/enabled = true
bones/46/position = Vector3(-0.0411579, -0.0269208, 0.0989671)
bones/46/rotation = Quaternion(-0.369145, 0.119536, 0.135164, 0.911688)
bones/46/scale = Vector3(1, 1, 1)
bones/47/name = "LowerLeg_L"
bones/47/parent = 46
bones/47/rest = Transform3D(0.998758, -0.0387684, -0.0312881, -0.0242845, 0.16951, -0.985229, 0.0434994, 0.984766, 0.168358, -0.399309, -3.78767e-07, 3.12343e-08)
bones/47/enabled = true
bones/47/position = Vector3(-0.399309, -3.78767e-07, 3.12343e-08)
bones/47/rotation = Quaternion(0.634773, -0.171275, 0.121346, 0.743642)
bones/47/scale = Vector3(1, 1, 1)
